43214331211111113213422241225211124111124122512
18331211211311341513151114111311121315141413151


43 21 43 31 21 11 11 11 32 13 42 22 41 22 52 11 12 41 11 12 41 22 51 21 83 31 21 12 11 31 13 41 51 31 51 11 41 11 31 11 21 31 51 41 41 31 51

41,38,23,13,41,32,31,11,22,11,11,13,11,13,14,31,25,11,33,41,25,21,21,41,14,21,21,51,23,11,11,11,22,41,13,11,15,11,24,41,14,21,23,51,15,21






47



21 52 21 42 11 11 42 11 12 52 21 42 22 43 12 31 11 11 11 21 33 41 23 4

15 13 14 14 15 13 12 11 13 11 14 11 15 13 15 14 31 13 11 21 12 13 38 1